grad =

  -4.6881e-005
  0.0000e+000
  0.0000e+000
  -9.2726e-010
  8.5887e-009
  9.2907e-009
  -4.1544e-008
  4.3826e-007
  2.9887e-007
  -1.7618e-008
  3.5265e-009
  1.5976e-009
  -7.9226e-009
  -3.9409e-008
  -7.2647e-009
  8.1148e-008
  1.1369e-007
  9.5078e-009
  -1.6116e-009
  -1.6912e-012
  0.0000e+000
  -3.0550e-013
  1.6584e-010
  9.3706e-009
  -1.0516e-007
  -1.1030e-007
  -4.7660e-008
  6.5708e-007
  4.3311e-007
  -8.8581e-008
  -1.1227e-007
  -2.3871e-008
  9.9932e-008
  3.8915e-007
  -5.0369e-008
  -1.0252e-006
  -1.3197e-006
  -1.7462e-007
  -1.1901e-007
  9.7269e-009
  2.3792e-009
  2.4711e-012
  3.1743e-009
  1.8315e-008
  -5.1975e-007
  -6.5865e-007
  -9.2454e-007
  -1.5312e-006
  -1.8394e-006
  -1.9062e-006
  -8.9702e-007
  -3.6849e-007
  -5.5523e-008
  3.4516e-006
  5.2864e-006
  3.1327e-006
  -2.2275e-006
  -2.9221e-006
  -6.8644e-007
  5.4494e-008
  -1.0498e-008
  1.2456e-011
  -3.8899e-008
  -7.6203e-009
  4.3293e-006
  4.5241e-006
  4.1924e-006
  3.4618e-006
  -2.2644e-006
  3.4862e-006
  5.9724e-006
  1.1283e-006
  1.5571e-006
  -1.8019e-006
  1.8656e-006
  5.2152e-006
  1.0147e-005
  2.3161e-005
  2.3068e-005
  -1.4756e-006
  -2.1324e-007
  2.7558e-011
  -2.1385e-007
  6.6537e-007
  1.3283e-005
  2.3085e-005
  3.7322e-005
  6.7101e-006
  7.3023e-007
  -1.1409e-007
  6.9175e-006
  1.7179e-005
  4.3265e-006
  -2.4349e-005
  -6.8869e-007
  4.7205e-005
  4.4551e-005
  2.7537e-005
  2.1901e-005
  -4.4732e-006
  -5.6135e-007
  -3.1977e-010
  -1.4614e-007
  6.4931e-006
  2.2174e-006
  4.1253e-005
  6.2290e-006
  5.1370e-006
  3.5948e-005
  -1.5919e-006
  -1.5452e-005
  1.8723e-005
  6.2818e-006
  -1.8999e-005
  -4.2977e-006
  2.6210e-005
  1.0537e-005
  -1.2375e-005
  -2.2959e-005
  -1.0591e-005
  -5.1385e-008
  7.5576e-010
  -1.3873e-007
  1.5340e-005
  9.2668e-006
  3.8110e-005
  -6.1095e-006
  -9.5718e-006
  8.4027e-006
  -5.5514e-006
  -1.2941e-006
  6.7094e-006
  1.4465e-005
  1.7465e-005
  3.0575e-006
  -8.3881e-005
  -1.8834e-004
  -1.3236e-004
  -3.8512e-005
  -1.0370e-005
  9.4167e-008
  1.7468e-009
  -4.4875e-009
  9.9964e-006
  3.4090e-005
  8.5987e-005
  1.1316e-004
  8.6997e-005
  2.6531e-006
  -1.2355e-005
  -1.4931e-005
  -7.5398e-006
  1.6795e-005
  2.7879e-005
  -7.4283e-005
  -1.7570e-004
  -3.1682e-004
  -2.5201e-004
  -3.4155e-005
  -3.2393e-006
  -8.0184e-007
  -1.6124e-007
  2.2533e-006
  7.0708e-006
  4.7923e-005
  1.9755e-004
  2.0224e-004
  1.6943e-004
  2.3570e-005
  -5.1656e-005
  -7.2837e-005
  -6.1445e-005
  -8.3739e-005
  -1.0671e-004
  -9.1495e-005
  -1.4722e-004
  -2.4345e-004
  -2.4481e-004
  -3.4758e-005
  3.0154e-006
  -5.7361e-007
  -3.8866e-007
  3.4714e-006
  6.8725e-006
  6.0370e-005
  9.8942e-005
  7.8985e-005
  2.0647e-005
  -3.4740e-005
  -3.0145e-005
  -4.1185e-005
  -3.4077e-005
  -2.4688e-005
  -2.6591e-005
  -2.1748e-005
  -7.0065e-005
  -1.5731e-004
  -7.9299e-005
  5.4759e-005
  2.0659e-005
  -1.6554e-006
  -2.9249e-007
  4.4171e-006
  -2.4353e-005
  -8.6241e-005
  -6.8920e-005
  -1.0987e-004
  -9.0404e-005
  -2.8452e-005
  2.7856e-005
  -5.1932e-006
  -1.8431e-005
  -8.7636e-006
  2.3828e-005
  -1.8633e-005
  -3.6728e-005
  -5.8316e-005
  6.5804e-005
  3.1104e-005
  -1.9410e-006
  -1.4235e-006
  -3.2693e-007
  7.2262e-006
  -2.6345e-005
  -2.4440e-004
  -1.7864e-004
  -1.1723e-004
  -7.9291e-005
  -8.9160e-005
  -1.2571e-004
  -1.6473e-004
  -1.0329e-004
  -6.0947e-005
  -6.6054e-005
  -6.8880e-005
  -3.4024e-005
  6.4560e-005
  1.1735e-004
  3.2438e-005
  -7.1856e-006
  4.2973e-007
  -1.4285e-007
  5.4262e-006
  -3.3138e-005
  -2.3092e-004
  -2.6193e-004
  -1.7906e-004
  -1.5044e-004
  -1.9890e-004
  -1.9779e-004
  -1.5838e-004
  -1.1270e-004
  -8.7578e-005
  -5.7498e-005
  -3.3773e-005
  1.8526e-005
  8.0792e-005
  7.6077e-005
  -1.1143e-005
  6.2299e-006
  5.9760e-007
  1.8438e-007
  -5.4054e-009
  -1.1468e-005
  -1.2383e-004
  -2.1893e-004
  -1.7345e-004
  -7.9852e-005
  -7.8301e-005
  -8.2758e-005
  -4.5494e-005
  -5.4836e-005
  -3.9444e-005
  -2.5823e-005
  -7.7673e-006
  2.7675e-005
  7.2658e-005
  6.8120e-005
  2.9687e-005
  8.5585e-006
  2.8937e-007
  2.0754e-008
  2.8025e-007
  3.1567e-006
  -5.1130e-005
  -1.1062e-004
  -2.2186e-005
  4.1694e-005
  1.9666e-005
  3.9248e-006
  -2.9519e-006
  -2.1213e-005
  -6.9294e-006
  -1.5602e-005
  -3.1705e-005
  -7.8812e-006
  1.9063e-005
  1.4044e-005
  5.0366e-005
  4.8938e-006
  1.3298e-006
  -7.9705e-010
  9.4424e-007
  -3.0367e-006
  -7.4639e-005
  -3.7922e-005
  4.7033e-005
  3.4924e-005
  1.4953e-005
  -1.5674e-007
  -2.7349e-006
  -2.3234e-005
  -9.9902e-006
  -5.6401e-008
  -1.6450e-005
  -2.8520e-005
  2.2449e-005
  3.2615e-005
  3.1521e-005
  -2.1892e-007
  2.5225e-007
  -1.5277e-010
  1.4666e-007
  -4.8472e-007
  -1.6500e-005
  3.2995e-005
  5.1562e-005
  2.3748e-005
  5.6675e-006
  -3.5469e-006
  -1.6104e-006
  -3.6484e-006
  -6.7125e-006
  -8.2562e-006
  -3.0006e-005
  5.7958e-006
  7.1735e-005
  3.3931e-005
  -2.3769e-006
  -5.1668e-007
  3.6009e-007
  1.7768e-010
  -1.1395e-007
  2.6940e-007
  9.0572e-006
  3.0095e-005
  2.3660e-005
  7.0744e-006
  -2.0437e-006
  -7.1877e-007
  -1.7752e-006
  -2.4703e-006
  -2.0810e-006
  -4.9609e-006
  -2.0871e-005
  -6.3868e-006
  7.4512e-006
  -2.9599e-006
  -5.5771e-007
  -2.1094e-007
  5.8093e-008
  -6.2159e-012
  1.2074e-008
  -8.8312e-008
  -7.5839e-007
  3.5438e-006
  -1.4705e-007
  9.0236e-007
  -6.8673e-007
  -6.4469e-007
  -1.2600e-006
  -7.2052e-006
  -1.7414e-006
  -9.9308e-007
  -6.3563e-007
  1.9622e-006
  -1.1877e-005
  -4.8153e-006
  5.1718e-007
  1.4200e-008
  -7.2707e-009
  0.0000e+000
  -7.9768e-010
  1.8784e-008
  -4.9981e-008
  -6.8312e-007
  -3.7387e-007
  -2.1603e-007
  1.1243e-007
  -6.5728e-008
  -2.3347e-007
  -1.3150e-006
  -7.3009e-009
  -1.7698e-006
  -7.2960e-006
  -7.7908e-007
  1.1343e-006
  3.6833e-007
  -4.3180e-008
  2.7031e-012
  0.0000e+000

grad =

  1.7654e-004
  0.0000e+000
  0.0000e+000
  -3.9914e-010
  3.7043e-009
  3.9822e-009
  -4.5742e-008
  4.8856e-007
  3.3023e-007
  -1.9583e-008
  2.5350e-009
  1.3884e-009
  -7.9544e-009
  -3.9593e-008
  -7.5130e-009
  8.0037e-008
  1.1215e-007
  9.3786e-009
  -1.5895e-009
  -1.6793e-012
  0.0000e+000
  -3.0334e-013
  1.6652e-010
  3.3152e-009
  -4.9253e-008
  -4.9246e-008
  -5.6139e-008
  7.2826e-007
  4.7819e-007
  -8.6598e-008
  -1.0038e-007
  -2.1089e-008
  9.9360e-008
  3.8928e-007
  -5.1571e-008
  -1.0185e-006
  -1.3112e-006
  -1.9133e-007
  -1.3560e-007
  1.0528e-008
  2.4733e-009
  2.4537e-012
  2.6739e-009
  1.0231e-008
  -3.9162e-007
  -4.6479e-007
  -8.7775e-007
  -1.4962e-006
  -1.8334e-006
  -1.9491e-006
  -8.0151e-007
  -2.2885e-007
  -7.1908e-008
  3.3352e-006
  5.3806e-006
  3.2421e-006
  -2.2276e-006
  -3.0824e-006
  -8.2874e-007
  5.6531e-008
  -1.1166e-008
  1.2368e-011
  -3.7348e-008
  -1.9682e-008
  4.2711e-006
  4.8653e-006
  4.5429e-006
  3.3155e-006
  -2.2486e-006
  3.9100e-006
  5.6284e-006
  -8.2125e-008
  1.6419e-006
  -6.0324e-007
  2.1669e-006
  5.9472e-006
  1.1813e-005
  2.6600e-005
  2.6032e-005
  -1.5836e-006
  -2.1835e-007
  2.7365e-011
  -1.8364e-007
  1.5027e-006
  4.0243e-006
  -3.9221e-006
  2.5101e-005
  4.3019e-006
  -2.4198e-006
  -4.7369e-006
  -9.5002e-007
  1.4326e-005
  7.2938e-006
  -1.6940e-005
  2.0006e-006
  4.9875e-005
  4.4921e-005
  3.2443e-005
  2.7119e-005
  -4.6903e-006
  -5.4335e-007
  -3.1751e-010
  1.8211e-007
  4.5441e-006
  -2.7485e-005
  -1.2882e-005
  -2.8411e-005
  -9.3118e-006
  2.3229e-005
  -1.9136e-005
  -2.7230e-005
  1.7943e-005
  1.2944e-005
  -1.1264e-005
  -3.8419e-007
  4.4660e-005
  3.3183e-005
  1.0943e-005
  -8.1224e-006
  -1.0101e-005
  -4.5738e-008
  4.5909e-010
  4.1806e-007
  7.9952e-006
  -2.6285e-005
  -1.0645e-005
  -3.6495e-005
  -4.3242e-005
  -2.6123e-005
  -2.9056e-005
  -5.9040e-006
  7.6226e-006
  2.3441e-005
  2.2878e-005
  2.4209e-005
  -9.7019e-006
  -7.0855e-005
  -3.7207e-005
  -2.8001e-006
  -5.8475e-006
  -3.0710e-007
  5.0399e-010
  6.1011e-007
  6.0601e-007
  -2.8126e-006
  3.6308e-005
  6.1758e-005
  2.5815e-005
  -5.9670e-005
  -3.9057e-005
  5.8887e-007
  2.5653e-005
  5.0328e-005
  6.9399e-005
  1.8473e-005
  -2.3751e-005
  -1.1384e-004
  -8.0189e-005
  1.8311e-005
  1.9722e-006
  -1.2625e-006
  -1.1855e-007
  2.2319e-006
  -3.7695e-006
  2.1573e-005
  1.5415e-004
  1.2935e-004
  8.0258e-005
  -3.3808e-005
  -4.4131e-005
  -6.8688e-006
  3.8796e-005
  3.5465e-005
  3.8472e-005
  1.0326e-004
  8.7472e-005
  -8.4360e-006
  -6.3111e-005
  1.3145e-005
  5.9326e-006
  1.7140e-007
  -2.9318e-007
  2.5280e-006
  7.3682e-007
  5.6361e-005
  8.9912e-005
  6.8872e-005
  3.2852e-005
  1.2921e-005
  5.2682e-005
  9.2740e-005
  1.4931e-004
  1.8667e-004
  2.0054e-004
  2.0517e-004
  1.4673e-004
  3.5013e-005
  5.8520e-005
  9.1441e-005
  2.0843e-005
  -1.4922e-006
  -2.2783e-007
  2.8940e-006
  -1.5491e-005
  -3.1782e-005
  2.0430e-005
  3.4314e-006
  5.6398e-005
  1.4191e-004
  1.9954e-004
  1.8568e-004
  1.8092e-004
  1.6811e-004
  1.6721e-004
  9.2007e-005
  4.8720e-005
  -5.0631e-006
  9.6752e-005
  4.3601e-005
  -2.8927e-006
  -1.4012e-006
  -3.7231e-007
  6.0219e-006
  -1.1351e-005
  -1.4112e-004
  -3.4417e-005
  6.3417e-005
  1.3586e-004
  1.3153e-004
  8.3395e-005
  2.9437e-005
  3.4336e-005
  8.9861e-006
  -4.9954e-005
  -7.2521e-005
  -6.2440e-005
  2.3305e-006
  6.7908e-005
  1.5690e-005
  -9.1746e-006
  3.8646e-007
  -2.1144e-007
  4.2905e-006
  -1.8959e-005
  -1.1137e-004
  -7.8165e-005
  2.5749e-005
  4.6544e-005
  -1.8139e-005
  -3.3685e-005
  -3.5737e-005
  -4.6229e-005
  -6.1146e-005
  -6.5886e-005
  -7.4253e-005
  -5.4871e-005
  -3.2447e-006
  1.7296e-005
  -2.4675e-005
  5.6825e-006
  3.9872e-007
  1.6728e-007
  -7.2528e-007
  -5.5214e-006
  -5.1469e-005
  -7.5426e-005
  -2.5745e-005
  4.0795e-005
  9.2009e-006
  -3.1363e-005
  -1.1602e-005
  -2.5098e-005
  -3.0013e-005
  -2.8725e-005
  -3.1628e-005
  -3.0460e-005
  4.2816e-007
  1.6525e-005
  1.0148e-005
  8.6811e-006
  2.5843e-007
  2.0387e-008
  -1.5493e-007
  8.0500e-006
  -1.7994e-005
  -4.2936e-005
  3.8156e-005
  7.6984e-005
  3.5646e-005
  9.8777e-006
  2.4684e-006
  -1.1648e-005
  -4.7451e-006
  -1.4891e-005
  -3.6736e-005
  -3.5671e-005
  -3.0860e-005
  -3.0366e-005
  3.2390e-005
  5.1169e-006
  1.2860e-006
  -6.7343e-010
  6.4561e-007
  -4.7624e-007
  -5.6647e-005
  -2.2079e-005
  4.9142e-005
  3.3983e-005
  1.5401e-005
  2.0637e-006
  -1.0966e-006
  -1.9102e-005
  -8.4198e-006
  4.4278e-007
  -1.6475e-005
  -4.4193e-005
  -1.1115e-005
  6.3675e-006
  2.5703e-005
  1.9066e-007
  2.3109e-007
  -1.4906e-010
  7.7518e-008
  -1.6468e-008
  -1.3392e-005
  3.3003e-005
  5.1381e-005
  2.4675e-005
  6.6918e-006
  -2.8811e-006
  -1.5907e-006
  -3.7227e-006
  -6.8399e-006
  -8.0443e-006
  -3.0268e-005
  -9.0147e-006
  4.4710e-005
  1.9834e-005
  -2.7038e-006
  -3.4764e-007
  3.3033e-007
  1.7650e-010
  -1.0565e-007
  2.7235e-007
  8.0255e-006
  3.0110e-005
  2.5532e-005
  8.5508e-006
  -1.6891e-006
  -4.7160e-007
  -1.5789e-006
  -2.2329e-006
  -2.0404e-006
  -4.8332e-006
  -2.0899e-005
  -1.7337e-005
  -5.6318e-006
  -5.6416e-006
  -3.3442e-007
  -1.9103e-007
  5.4232e-008
  -6.1749e-012
  1.2071e-008
  -9.6582e-008
  -6.9768e-007
  3.9029e-006
  2.6812e-008
  1.1892e-006
  -3.1557e-007
  -3.0691e-007
  -1.1073e-006
  -5.7478e-006
  -1.4525e-006
  -1.0579e-006
  -6.2193e-007
  -1.0986e-006
  -1.6087e-005
  -5.2312e-006
  6.2071e-007
  1.1157e-008
  -6.7128e-009
  0.0000e+000
  -7.8895e-010
  1.8503e-008
  -4.7208e-008
  -7.0104e-007
  -3.8602e-007
  -2.3853e-007
  1.0086e-007
  -8.8429e-008
  -2.1204e-007
  -1.0494e-006
  4.9867e-010
  -1.4395e-006
  -5.7724e-006
  -3.1776e-007
  1.5252e-006
  4.2744e-007
  -5.1658e-008
  2.6840e-012
  0.0000e+000

Iteration    49 | Cost: 1.364629e-002